21 2: 5 7 11

18 2: 3 5 7 11

18 18: 1 2 3 5 7 11 13 17

100 7: 13 17 19 23 29 31 37 41 43 47 53 59 61 67

100 51: 1 2 3 5 7 11 13 17 19 23 29 31 37 41 43 47 53 59 61 67 71 73 79 83 89 97

1000 1000: 1 2 3 5 7 11 13 17 19 23 29 31 37 41 43 47 53 59 61 67 71 73 79 83 89 97 101 103 107 109 113 127 131 137 139 149 151 157 163 167 173 179 181 191 193 197 199 211 223 227 229 233 239 241 251 257 263 269 271 277 281 283 293 307 311 313 317 331 337 347 349 353 359 367 373 379 383 389 397 401 409 419 421 431 433 439 443 449 457 461 463 467 479 487 491 499 503 509 521 523 541 547 557 563 569 571 577 587 593 599 601 607 613 617 619 631 641 643 647 653 659 661 673 677 683 691 701 709 719 727 733 739 743 751 757 761 769 773 787 797 809 811 821 823 827 829 839 853 857 859 863 877 881 883 887 907 911 919 929 937 941 947 953 967 971 977 983 991 997

954 1: 419

1 1: 1

100 100: 1 2 3 5 7 11 13 17 19 23 29 31 37 41 43 47 53 59 61 67 71 73 79 83 89 97

100 50: 1 2 3 5 7 11 13 17 19 23 29 31 37 41 43 47 53 59 61 67 71 73 79 83 89 97

100 51: 1 2 3 5 7 11 13 17 19 23 29 31 37 41 43 47 53 59 61 67 71 73 79 83 89 97

3 1: 2

1 1: 1

2 1: 1 2

3 2: 1 2 3

4 3: 1 2 3

5 2: 1 2 3 5

6 3: 1 2 3 5

7 2: 2 3 5

8 2: 2 3 5

9 2: 2 3 5

10 9: 1 2 3 5 7

11 9: 1 2 3 5 7 11

12 4: 1 2 3 5 7 11

13 4: 1 2 3 5 7 11 13

14 3: 2 3 5 7 11

15 8: 1 2 3 5 7 11 13

16 13: 1 2 3 5 7 11 13

17 10: 1 2 3 5 7 11 13 17

18 16: 1 2 3 5 7 11 13 17

19 14: 1 2 3 5 7 11 13 17 19

20 17: 1 2 3 5 7 11 13 17 19

21 20: 1 2 3 5 7 11 13 17 19

22 8: 1 2 3 5 7 11 13 17 19

23 9: 1 2 3 5 7 11 13 17 19 23

24 15: 1 2 3 5 7 11 13 17 19 23

25 2: 5 7 11 13

26 3: 3 5 7 11 13 17

27 7: 1 2 3 5 7 11 13 17 19 23

28 1: 7 11

29 14: 1 2 3 5 7 11 13 17 19 23 29

30 10: 1 2 3 5 7 11 13 17 19 23 29

31 10: 1 2 3 5 7 11 13 17 19 23 29 31

32 24: 1 2 3 5 7 11 13 17 19 23 29 31

33 32: 1 2 3 5 7 11 13 17 19 23 29 31

34 15: 1 2 3 5 7 11 13 17 19 23 29 31

35 18: 1 2 3 5 7 11 13 17 19 23 29 31

36 4: 3 5 7 11 13 17 19 23

37 11: 1 2 3 5 7 11 13 17 19 23 29 31 37

38 34: 1 2 3 5 7 11 13 17 19 23 29 31 37

39 18: 1 2 3 5 7 11 13 17 19 23 29 31 37

40 27: 1 2 3 5 7 11 13 17 19 23 29 31 37

41 35: 1 2 3 5 7 11 13 17 19 23 29 31 37 41

42 33: 1 2 3 5 7 11 13 17 19 23 29 31 37 41

43 32: 1 2 3 5 7 11 13 17 19 23 29 31 37 41 43

44 10: 1 2 3 5 7 11 13 17 19 23 29 31 37 41 43

45 12: 1 2 3 5 7 11 13 17 19 23 29 31 37 41 43

46 43: 1 2 3 5 7 11 13 17 19 23 29 31 37 41 43

47 40: 1 2 3 5 7 11 13 17 19 23 29 31 37 41 43 47

48 21: 1 2 3 5 7 11 13 17 19 23 29 31 37 41 43 47

49 22: 1 2 3 5 7 11 13 17 19 23 29 31 37 41 43 47

50 15: 1 2 3 5 7 11 13 17 19 23 29 31 37 41 43 47
