6 7
0 1 1 0 1 1 0
0 0 0 0 0 1 0
1 0 0 0 0 0 1
0 1 0 0 0 0 1
1 1 0 0 0 1 0
1 1 0 1 1 0 0
4 5
1 1 1 1 1
1 1 1 1 1
1 1 1 1 1
1 1 1 1 1
6 5
1 0 1 0 1
1 1 0 1 0
1 1 1 1 1
0 0 0 0 1
0 0 1 1 1
0 0 1 1 1
3 4
0 1 0 0
0 1 0 0
0 1 0 0
4 8
0 0 1 1 1 1 1 1
0 0 1 1 1 1 1 1
0 0 0 0 0 0 0 0
0 0 0 0 0 0 0 0
4 8
0 0 1 1 1 1 0 0
0 0 1 1 1 1 0 0
0 0 0 0 0 0 0 0
0 0 0 0 0 0 0 0
1 10
1 0 0 0 1 0 0 0 0 1
1 10
1 0 1 0 1 1 0 1 0 1
2 10
0 0 0 0 0 0 0 0 0 0
1 1 1 1 1 1 1 1 1 1
10 2
0 1
0 1
0 1
0 1
0 1
0 1
0 1
0 1
0 1
0 1
1 1
0
1 1
1
0 0