3 4
10.0 23.0 30.0 40.0
5.0 20.0 10.0 60.0
18.0 20.0 20.0 30.0
1 1 
0.015
2 2 
0.0013 0.9999 
0.9999 0.0087
1 5
10 20 30 40 50
4 4
10 2 3 4.71
3.81 10.0000000000001 6.24 20.16
1.111111 10.00000000000007 7.26 13
12.13 9.99999999999999999 5 12
2 2
100000.00000001 100002.09999009
99990.129487990 12315624.00876009
2 2
1.999999999 1.000000001
0.00000000001 0.00000000001
2 2
200 100
1 1
1 1
1000000000000000000000
5 5
1.0 2.0 3.0 4.0 5.0
1.0 2.0 3.0 4.0 5.0
1.0 2.0 3.0 4.0 5.0
1.0 2.0 3.0 4.0 5.0
1.0 2.0 3.0 4.0 5.0
5 5
5 4 3 2 1
4 3 2 1 5
3 2 1 5 4
2 1 5 4 3
1 5 4 3 2
5 5
1 2 2 2 2
1 3 3 3 3
1 4 4 4 4
1 5 5 5 5
1 6 6 6 6
0 3
1 5
1000 1000 1000 1000 999.99
3 3
0 1 2
0 2 3
0 3 4
3 3
0.1 0.2 0.3
0.1 0.3 0.2
0.1 0.2 0.2
0 0